processes n error time
1 2 0.40297986606396252 5.6399999999999999E-002
1 4 0.21897966746476261 3.4337999999999994E-002
1 8 0.11429479693195033 7.5340000000000008E-003
1 16 5.8399633250339367E-002 3.5812999999999998E-002
1 32 2.9518814978706231E-002 0.14154100000000000
1 64 1.4839863800788056E-002 0.17637600000000000
1 128 7.4401318182744092E-003 3.2199999999999993E-002
1 256 3.7251264541930951E-003 6.3519999999999993E-002
1 512 1.8638296735331572E-003 3.1230000000000001E-002
1 1024 9.3223161148214828E-004 1.1144000000000001E-002
1 2048 4.6619501976641331E-004 2.6963000000000001E-002
1 4096 2.3311731592956519E-004 9.7000000000000003E-003
1 8192 1.1656360979461766E-004 0.10015399999999999
1 16384 5.8283042892792736E-005 5.7901999999999995E-002
1 32768 2.9141830949708236E-005 0.14198000000000000
1 65536 1.4570992844742392E-005 0.10237800000000000
1 131072 7.2855157671192217E-006 4.3343000000000000E-002
1 262144 3.6427627176927047E-006 6.3834999999999989E-002
1 524288 1.8213825638824233E-006 5.9153999999999998E-002
1 1048576 9.1069156393785988E-007 0.12183099999999998
1 2097152 4.5534585435547115E-007 0.10984599999999999
1 4194304 2.2767293161862767E-007 0.10192100000000000
1 8388608 1.1383645448503898E-007 0.18198700000000001
1 16777216 5.6918201707389926E-008 0.27382499999999999
2 2 0.40297986606396252 1.5460000000000000E-002
2 4 0.21897966746476261 1.5332000000000000E-002
2 8 0.11429479693195033 1.5420000000000000E-002
2 16 5.8399633250339811E-002 1.4678000000000000E-002
2 32 2.9518814978706231E-002 1.5139000000000000E-002
2 64 1.4839863800788056E-002 1.5629000000000001E-002
2 128 7.4401318182744092E-003 1.5562999999999999E-002
2 256 3.7251264541935392E-003 1.4650999999999999E-002
2 512 1.8638296735331572E-003 1.5424999999999999E-002
2 1024 9.3223161148214828E-004 1.4974999999999999E-002
2 2048 4.6619501976641331E-004 1.3960000000000000E-002
2 4096 2.3311731592956519E-004 1.5583999999999999E-002
2 8192 1.1656360979461766E-004 1.5890999999999999E-002
2 16384 5.8283042892792736E-005 1.5806000000000001E-002
2 32768 2.9141830950152325E-005 1.6829999999999998E-002
2 65536 1.4570992844742392E-005 1.7052999999999999E-002
2 131072 7.2855157671192217E-006 2.3677000000000000E-002
2 262144 3.6427627176927047E-006 2.7968000000000000E-002
2 524288 1.8213825638824233E-006 3.9646999999999995E-002
2 1048576 9.1069156349377067E-007 4.5950999999999999E-002
2 2097152 4.5534585391138194E-007 5.6290000000000000E-002
2 4194304 2.2767293206271688E-007 7.3144000000000001E-002
2 8388608 1.1383645448503898E-007 0.10342799999999999
2 16777216 5.6918201707389926E-008 0.16895299999999999
4 4 0.21897966746476261 1.3507000000000000E-002
4 8 0.11429479693195033 1.3110000000000000E-002
4 16 5.8399633250339367E-002 1.3862999999999999E-002
4 32 2.9518814978706231E-002 1.3760000000000000E-002
4 64 1.4839863800788056E-002 1.3521000000000000E-002
4 128 7.4401318182744092E-003 1.3594999999999999E-002
4 256 3.7251264541935392E-003 1.3257999999999999E-002
4 512 1.8638296735331572E-003 1.3585999999999999E-002
4 1024 9.3223161148170419E-004 1.3769000000000000E-002
4 2048 4.6619501976641331E-004 1.3750000000000000E-002
4 4096 2.3311731593000928E-004 1.3207999999999999E-002
4 8192 1.1656360979417357E-004 1.3901999999999999E-002
4 16384 5.8283042892792736E-005 1.4515999999999999E-002
4 32768 2.9141830950152325E-005 1.4423999999999999E-002
4 65536 1.4570992844742392E-005 1.5044999999999999E-002
4 131072 7.2855157671192217E-006 1.6170000000000000E-002
4 262144 3.6427627176927047E-006 1.8803999999999998E-002
4 524288 1.8213825638824233E-006 2.4437000000000000E-002
4 1048576 9.1069156393785988E-007 2.8430000000000000E-002
4 2097152 4.5534585435547115E-007 3.5387999999999996E-002
4 4194304 2.2767293161862767E-007 4.9630999999999995E-002
4 8388608 1.1383645448503898E-007 7.0968999999999990E-002
4 16777216 5.6918201707389926E-008 0.11820000000000000
8 8 Pi = 3.0272978566578428
8 16 Pi = 3.0831930203394537
8 32 Pi = 3.1120738386110869
8 64 Pi = 3.1267527897890046
8 128 Pi = 3.1341525217715187
8 256 Pi = 3.1378675271356000
8 512 Pi = 3.1397288239162600
8 1024 Pi = 3.1406604219783110
8 2048 Pi = 3.1411264585700267
8 4096 Pi = 3.1413595362738627
8 8192 Pi = 3.1414760899799985
8 16384 Pi = 3.1415343705469003
8 32768 Pi = 3.1415635117588452
8 65536 Pi = 3.1415780825969506
8 131072 Pi = 3.1415853680740238
8 262144 Pi = 3.1415890108270736
8 524288 Pi = 3.1415908322072217
8 1048576 Pi = 3.1415917428982270
8 2097152 Pi = 3.1415921982439490
8 4194304 Pi = 3.1415924259168646
8 8388608 Pi = 3.1415925397533435
8 16777216 Pi = 3.1415925966715901
